kinematics:
  shoulder:
    x: 0
    y: 0
    z: 0.1625049795433828
    roll: -0
    pitch: 0
    yaw: 1.646678828015613e-09
  upper_arm:
    x: -6.201685034930773e-06
    y: 0
    z: 0
    roll: 1.570725785950774
    pitch: 0
    yaw: -3.019383239657069e-07
  forearm:
    x: -0.4252059178147595
    y: 0
    z: 0
    roll: 0.001659536297579782
    pitch: -1.985669781136789e-05
    yaw: -1.845094844139094e-06
  wrist_1:
    x: -0.3922968134741371
    y: -0.0009125310142818326
    z: 0.1337352515906297
    roll: 0.006823308302430454
    pitch: 0.0002931497115797499
    yaw: 3.522743887756506e-06
  wrist_2:
    x: -3.825485441596266e-05
    y: -0.09991205094382816
    z: 1.005519818534168e-05
    roll: 1.570695686301018
    pitch: 0
    yaw: 7.695466012445918e-07
  wrist_3:
    x: -2.119298487429262e-05
    y: 0.09941835871840241
    z: 0.0001231690295514884
    roll: 1.572035222388461
    pitch: 3.141592653589793
    yaw: 3.14159255178451
  hash: calib_7267898213807464582