kinematics:
  shoulder:
    x: 0
    y: 0
    z: 0.1627268245936498
    roll: -0
    pitch: 0
    yaw: 5.647874686898548e-08
  upper_arm:
    x: 0.0001207784953693637
    y: 0
    z: 0
    roll: 1.572210967602469
    pitch: 0
    yaw: -4.142029500237817e-06
  forearm:
    x: -0.4253842979016589
    y: 0
    z: 0
    roll: 3.141310899123226
    pitch: -3.141029622096312
    yaw: 3.141585507545171
  wrist_1:
    x: -0.3924524659382435
    y: -0.001046336694110547
    z: 0.1339933055486892
    roll: 0.007808714193529276
    pitch: 0.0009407348102992352
    yaw: -2.623049431947231e-06
  wrist_2:
    x: -1.831898223204255e-05
    y: -0.09977332824577756
    z: 0.0001358741984172415
    roll: 1.569434498771217
    pitch: 0
    yaw: 3.317436247589724e-07
  wrist_3:
    x: 4.95759846277787e-05
    y: 0.09987620618745528
    z: 0.0001854114087724756
    roll: 1.572652736873515
    pitch: 3.141592653589793
    yaw: -3.141592168142007
  hash: calib_11204324360591120671